Training ZeroBot
Game: 0
Heuristic
[[    0.5809,    0.0008,    0.4184]]
Neural:
[[    0.5805,    0.0006,    0.4189]]
Heuristic
[[    0.4288,    0.0004,    0.5708]]
Neural:
[[    0.6590,    0.0003,    0.3407]]
Heuristic
[[    0.3219,    0.0002,    0.6779]]
Neural:
[[    0.6623,    0.0003,    0.3374]]
Heuristic
[[    0.3834,  5.531e-5,    0.6165]]
Neural:
[[    0.8624,    0.0002,    0.1374]]
Heuristic
[[    0.9673, 1.2204e-5,    0.0327]]
Lose. Length: 9
New Outputs
[[    1.0000,         0,         0]]
[[         0,         0,    1.0000]]
[[    0.3834,  5.531e-5,    0.6165]]
[[    0.6165,  5.531e-5,    0.3834]]
[[    0.3599,    0.0001,    0.6400]]
[[    0.6517,    0.0002,    0.3480]]
[[    0.3771,    0.0003,    0.6226]]
[[    0.5951,    0.0005,    0.4044]]
[[    0.4710,    0.0006,    0.5284]]
Game: 1
Neural
[[    0.5591,    0.0013,    0.4396]]
Heuristic
[[    0.3154,    0.0006,    0.6840]]
Neural:
[[    0.5596,    0.0006,    0.4398]]
Heuristic
[[    0.3118,    0.0003,    0.6879]]
Neural:
[[    0.5164,    0.0003,    0.4833]]
Heuristic
[[    0.3468,    0.0002,    0.6530]]
Neural:
[[    0.4463,    0.0002,    0.5536]]
Heuristic
[[    0.3503, 9.7394e-5,    0.6496]]
Neural:
[[    0.3082, 9.0608e-5,    0.6917]]
Heuristic
[[    0.4811, 4.6048e-5,    0.5189]]
Lose. Length: 10
New Outputs
[[    1.0000,         0,         0]]
[[         0,         0,    1.0000]]
[[    0.3503, 9.7394e-5,    0.6496]]
[[    0.6496, 9.7394e-5,    0.3503]]
[[    0.3491,    0.0001,    0.6508]]
[[    0.5635,    0.0003,    0.4363]]
[[    0.3928,    0.0003,    0.6069]]
[[    0.5802,    0.0005,    0.4193]]
[[    0.3784,    0.0005,    0.6210]]
[[    0.5851,    0.0010,    0.4140]]
Game: 2
Heuristic
[[    0.5203,    0.0009,    0.4788]]
Neural:
[[    0.5266,    0.0004,    0.4730]]
Heuristic
[[    0.4004,    0.0005,    0.5991]]
Neural:
[[    0.4496,    0.0003,    0.5501]]
Heuristic
[[    0.4103,    0.0003,    0.5894]]
Neural:
[[    0.4510,    0.0002,    0.5488]]
Heuristic
[[    0.4754,    0.0001,    0.5244]]
Neural:
[[    0.4421, 7.0531e-5,    0.5579]]
Heuristic
[[    0.7580, 3.4883e-5,    0.2420]]
Lose. Length: 9
New Outputs
[[    1.0000,         0,         0]]
[[         0,         0,    1.0000]]
[[    0.4754,    0.0001,    0.5244]]
[[    0.5244,    0.0001,    0.4754]]
[[    0.4445,    0.0002,    0.5553]]
[[    0.4999,    0.0003,    0.4999]]
[[    0.4556,    0.0004,    0.5440]]
[[    0.5353,    0.0004,    0.4643]]
[[    0.4898,    0.0006,    0.5096]]
Game: 3
Neural
[[    0.4624,    0.0009,    0.5367]]
Heuristic
[[    0.4765,    0.0007,    0.5228]]
Neural:
[[    0.6235,    0.0004,    0.3761]]
Heuristic
[[    0.4612,    0.0004,    0.5384]]
Neural:
[[    0.5614,    0.0002,    0.4384]]
Heuristic
[[    0.4403,    0.0002,    0.5595]]
Neural:
[[    0.5469, 9.4454e-5,    0.4530]]
Heuristic
[[    0.7493,    0.0002,    0.2505]]
Neural:
[[    0.7473, 1.4524e-5,    0.2526]]
Heuristic
[[    0.9465, 4.3038e-5,    0.0535]]
Lose. Length: 10
New Outputs
[[    1.0000,         0,         0]]
[[         0,         0,    1.0000]]
[[    0.7493,    0.0002,    0.2505]]
[[    0.2505,    0.0002,    0.7493]]
[[    0.5177,    0.0002,    0.4821]]
[[    0.5020,    0.0002,    0.4978]]
[[    0.4788,    0.0003,    0.5208]]
[[    0.5724,    0.0003,    0.4273]]
[[    0.4509,    0.0005,    0.5486]]
[[    0.4993,    0.0007,    0.5000]]
Game: 4
Heuristic
[[    0.4220,    0.0009,    0.5771]]
Neural:
[[    0.6156,    0.0008,    0.3836]]
Heuristic
[[    0.3458,    0.0003,    0.6538]]
Neural:
[[    0.5926,    0.0006,    0.4068]]
Heuristic
[[    0.2305,    0.0002,    0.7694]]
Neural:
[[    0.5997,    0.0005,    0.3998]]
Heuristic
[[    0.2154, 7.7253e-5,    0.7846]]
Neural:
[[    0.5967,    0.0003,    0.4029]]
Heuristic
[[    0.2117, 5.7513e-5,    0.7883]]
Neural:
[[    0.5674,    0.0001,    0.4325]]
Heuristic
[[    0.2726, 2.6814e-5,    0.7273]]
Neural:
[[    0.6754, 5.2779e-5,    0.3245]]
Heuristic
[[    0.4539, 1.6739e-5,    0.5461]]
Neural:
[[    0.9479, 1.0845e-5,    0.0521]]
Heuristic
[[    0.8711, 9.2899e-6,    0.1289]]
Lose. Length: 15
New Outputs
[[    1.0000,         0,         0]]
[[         0,         0,    1.0000]]
[[    0.4539, 1.6739e-5,    0.5461]]
[[    0.5461, 1.6739e-5,    0.4539]]
[[    0.3716, 2.1313e-5,    0.6284]]
[[    0.5951, 8.1408e-5,    0.4049]]
[[    0.3331, 7.2527e-5,    0.6669]]
[[    0.6251,    0.0002,    0.3746]]
[[    0.3216,    0.0002,    0.6782]]
[[    0.6291,    0.0004,    0.3705]]
[[    0.3254,    0.0003,    0.6743]]
[[    0.6228,    0.0005,    0.3766]]
[[    0.3666,    0.0004,    0.6329]]
[[    0.6221,    0.0007,    0.3772]]
[[    0.3937,    0.0008,    0.6056]]
Game: 5
Neural
[[    0.5591,    0.0010,    0.4399]]
Heuristic
[[    0.4600,    0.0005,    0.5396]]
Neural:
[[    0.6701,    0.0005,    0.3294]]
Heuristic
[[    0.3078,    0.0002,    0.6920]]
Neural:
[[    0.7298,    0.0002,    0.2700]]
Heuristic
[[    0.2242,    0.0002,    0.7757]]
Neural:
[[    0.7406,    0.0001,    0.2593]]
Heuristic
[[    0.2379,  9.805e-5,    0.7620]]
Neural:
[[    0.8538, 3.2861e-5,    0.1462]]
Heuristic
[[    0.1812, 5.3278e-5,    0.8187]]
Neural:
[[    0.9197, 1.4165e-5,    0.0803]]
Heuristic
[[    0.3453, 1.9167e-5,    0.6547]]
Lose. Length: 12
New Outputs
[[    1.0000,         0,         0]]
[[         0,         0,    1.0000]]
[[    0.1812, 5.3278e-5,    0.8187]]
[[    0.8187, 5.3278e-5,    0.1812]]
[[    0.1915, 6.1394e-5,    0.8084]]
[[    0.7529,    0.0001,    0.2470]]
[[    0.2426,    0.0001,    0.7572]]
[[    0.7366,    0.0002,    0.2632]]
[[    0.2741,    0.0002,    0.7257]]
[[    0.6847,    0.0004,    0.3148]]
[[    0.3546,    0.0004,    0.6449]]
[[    0.5861,    0.0008,    0.4131]]
Game: 6
Heuristic
[[    0.4944,    0.0008,    0.5047]]
Neural:
[[    0.5918,    0.0007,    0.4075]]
Heuristic
[[    0.4841,    0.0003,    0.5156]]
Neural:
[[    0.5523,    0.0004,    0.4473]]
Heuristic
[[    0.5210,    0.0001,    0.4789]]
Neural:
[[    0.4242,    0.0001,    0.5757]]
Heuristic
[[    0.5840, 6.7739e-5,    0.4160]]
Neural:
[[    0.3482,    0.0001,    0.6517]]
Heuristic
[[    0.9343, 1.4557e-5,    0.0657]]
Lose. Length: 9
New Outputs
[[    1.0000,         0,         0]]
[[         0,         0,    1.0000]]
[[    0.5840, 6.7739e-5,    0.4160]]
[[    0.4160, 6.7739e-5,    0.5840]]
[[    0.5472,    0.0001,    0.4527]]
[[    0.4941,    0.0002,    0.5056]]
[[    0.4939,    0.0003,    0.5059]]
[[    0.5483,    0.0005,    0.4512]]
[[    0.4725,    0.0007,    0.5268]]
Game: 7
Neural
[[    0.5529,    0.0007,    0.4463]]
Heuristic
[[    0.4769,    0.0009,    0.5222]]
Neural:
[[    0.5855,    0.0005,    0.4139]]
Heuristic
[[    0.4399,    0.0006,    0.5595]]
Neural:
[[    0.6140,    0.0001,    0.3859]]
Heuristic
[[    0.4246,    0.0003,    0.5751]]
Neural:
[[    0.6251,  8.244e-5,    0.3748]]
Heuristic
[[    0.4678,    0.0001,    0.5321]]
Neural:
[[    0.6146, 1.9466e-5,    0.3854]]
Heuristic
[[    0.6226, 5.3604e-5,    0.3774]]
Lose. Length: 10
New Outputs
[[    1.0000,         0,         0]]
[[         0,         0,    1.0000]]
[[    0.4678,    0.0001,    0.5321]]
[[    0.5321,    0.0001,    0.4678]]
[[    0.4476,    0.0002,    0.5522]]
[[    0.5851,    0.0002,    0.4147]]
[[    0.4260,    0.0004,    0.5736]]
[[    0.5806,    0.0005,    0.4190]]
[[    0.4437,    0.0006,    0.5557]]
[[    0.5541,    0.0007,    0.4452]]
Game: 8
Heuristic
[[    0.5503,    0.0009,    0.4488]]
Neural:
[[    0.5456,    0.0004,    0.4539]]
Heuristic
[[    0.4463,    0.0005,    0.5533]]
Neural:
[[    0.4546,    0.0003,    0.5451]]
Heuristic
[[    0.4638,    0.0003,    0.5359]]
Neural:
[[    0.4402,    0.0003,    0.5596]]
Heuristic
[[    0.5965,    0.0001,    0.4034]]
Neural:
[[    0.4169,    0.0001,    0.5830]]
Heuristic
[[    0.9760, 1.8593e-5,    0.0240]]
Lose. Length: 9
New Outputs
[[    1.0000,         0,         0]]
[[         0,         0,    1.0000]]
[[    0.5965,    0.0001,    0.4034]]
[[    0.4034,    0.0001,    0.5965]]
[[    0.5173,    0.0002,    0.4824]]
[[    0.4712,    0.0003,    0.5285]]
[[    0.4859,    0.0004,    0.5137]]
[[    0.5287,    0.0004,    0.4709]]
[[    0.5095,    0.0006,    0.4899]]
Game: 9
Neural
[[    0.5899,    0.0008,    0.4093]]
Heuristic
[[    0.4319,    0.0007,    0.5674]]
Neural:
[[    0.6302,    0.0005,    0.3693]]
Heuristic
[[    0.4323,    0.0002,    0.5675]]
Neural:
[[    0.6340,    0.0002,    0.3658]]
Heuristic
[[    0.4057,    0.0002,    0.5942]]
Neural:
[[    0.6388,    0.0001,    0.3611]]
Heuristic
[[    0.4786,    0.0001,    0.5213]]
Neural:
[[    0.6051, 9.4397e-5,    0.3948]]
Heuristic
[[    0.7401, 3.9555e-5,    0.2598]]
Neural:
[[    0.7741, 7.6531e-5,    0.2258]]
Heuristic
[[    0.9790, 7.8861e-6,    0.0210]]
Neural:
[[    0.9176, 2.2039e-5,    0.0824]]
Heuristic
[[    0.9999, 4.4312e-7,    0.0001]]
Lose. Length: 14
New Outputs
[[    1.0000,         0,         0]]
[[         0,         0,    1.0000]]
[[    0.9790, 7.8861e-6,    0.0210]]
[[    0.0210, 7.8861e-6,    0.9790]]
[[    0.7452, 3.8889e-5,    0.2548]]
[[    0.2622, 4.0056e-5,    0.7378]]
[[    0.5446, 8.5554e-5,    0.4553]]
[[    0.5034, 8.9571e-5,    0.4965]]
[[    0.4470,    0.0001,    0.5528]]
[[    0.5937,    0.0002,    0.4061]]
[[    0.4178,    0.0002,    0.5820]]
[[    0.6106,    0.0004,    0.3890]]
[[    0.4069,    0.0005,    0.5926]]
[[    0.5910,    0.0007,    0.4084]]
